NAME	= Flow_direction_fill_saga(w&l)
DESCRIPTION	= 
UNIT	= 
DATAFORMAT	= FLOAT
DATAFILE_OFFSET	= 0
BYTEORDER_BIG	= FALSE
TOPTOBOTTOM	= FALSE
POSITION_XMIN	= 836358.5002485021250322
POSITION_YMIN	= 1188962.5023314550053328
CELLCOUNT_X	= 3239
CELLCOUNT_Y	= 2103
CELLSIZE	= 0.9996629101284029
Z_FACTOR	= 1.000000
Z_OFFSET	= 0.000000
NODATA_VALUE	= -99999.000000;-99999.000000
